0 1.0
1 0.9912904270495662
2 0.9039469822518588
3 0.35403320784850617
4 0.9578473151812673
5 0.9151073135018662
6 0.33955846188151695
7 0.4895183217606431
8 0.9144143101499497
9 0.9005477185526294
10 0.9335987626367103
11 0.8920989803575846
12 0.3717758328458191
13 0.1525200064978318
14 0.8439980507707265
15 0.3097279467116633
16 0.14270062717231835
17 0.3263927678532475
18 0.17702641196090615
19 0.6844011276206791
20 0.9787894700807895
21 0.6019524444034733
22 0.16212639551259683
23 0.25042516531975023
24 0.316676471131944
25 0.2117829121058689
26 0.627786859663032
27 0.9885568309116335
28 0.19433639785223136
29 0.1523863337380602
30 0.3573263285665286
31 0.174330037996559
32 0.5064923569872256
33 0.9426808871736333
34 0.6836911295311756
35 0.7752583855811668
36 0.6469893167550843
37 0.689977780266575
38 0.8196298245029721
39 0.7319062275763075
40 0.9943728781128335
41 0.9080769541718178
42 0.2693497879376886
43 0.3275289639635489
44 0.45170373695381616
45 0.6172464558849167
46 0.4341390525029095
47 0.9112928790925015
48 0.7289439506823533
49 0.5304632923174851
50 0.6366286978997928
51 0.5941975399393835
52 0.25628657053691606
53 0.7376161898777418
54 0.15726173112787573
55 0.7475220482057119
56 0.4221121220710377
57 0.8917802732081724
58 0.5287962691869653
59 0.7010880608701245
60 0.32877025612273336
61 0.447471030522008
62 0.6422524008885093
63 0.21567708090761153
64 0.8345046045820183
65 0.42259833630456095
66 0.12386727226323328
67 0.8587935730647279
68 0.20857827510211857
69 0.13588876541441913
70 0.17849307019578325
71 0.49786686944482916
72 0.81129473099524
73 0.41176460906940604
74 0.1846987572604511
75 0.16172412154727633
76 0.9266087894797816
77 0.39609945766830795
78 0.19047776602701816
79 0.5798580836475624
80 0.15422191090453208
81 0.3936483605636593
82 0.9707011925924114
83 0.595925574280706
84 0.7330421992265046
85 0.1622472063455467
86 0.7571197997454862
87 0.15448371091846108
88 0.2927566325920185
89 0.149722910126061
90 0.8231516710020271
91 0.6091655135761549
92 0.28281690800824916
93 0.7681499392712371
94 0.13563688302970334
95 0.806288151225943
96 0.9218033457134408
97 0.8636786934254469
98 0.8532657397430509
99 0.992416518114316
